# title = n-k- data for InP
# notes = Digitized from Image
# reference = NK-Library from Ioffe Institute
# reference = http://www.ioffe.rssi.ru/SVA/NSM/nk/index.html
# reference = Peter Kailuweit 2010/10/21
lambda	n	k
210	1.28129589039534	2.18544196869374
215	1.29271845569127	2.31271313879819
220	1.34319842990078	2.4418530597215
225	1.40684974996632	2.55243374822345
230	1.44578248970975	2.68054300294155
235	1.48076374747756	2.85286370426531
240	1.61724629513234	3.13237592050997
245	1.91876311507725	3.39281230731593
250	2.33712328643534	3.50090372210074
255	2.74719543283917	3.51545737773295
260	3.23354382887886	3.40123307429898
265	3.6368123392752	3.04635042680133
270	3.77489545929096	2.55435439632774
275	3.6913546356813	2.19706894474757
280	3.56047726120317	1.98742795190466
285	3.44639231720942	1.86217184187213
290	3.34751929763905	1.80349661664516
295	3.26868601820033	1.76995871216089
300	3.21490121767508	1.74738250106854
305	3.1674586310725	1.73090797373947
310	3.13207125292553	1.73604907176
315	3.11340654450134	1.74119052947407
320	3.09913402204727	1.75722345223133
325	3.09166806411597	1.7732563749886
330	3.09639122401341	1.79281777937031
335	3.102211638053	1.81884697302119
340	3.11429230098499	1.84836655492734
345	3.13687802540085	1.88524223664015
350	3.17113392981739	1.92411269428733
355	3.20802057131775	1.96463082706138
360	3.24597138719714	2.01702343534832
365	3.33062744497849	2.07449671632636
370	3.42304605555069	2.13605962465033
375	3.58330313041302	2.19034122320448
380	3.74866065377346	2.19325448939743
385	3.93464063110187	2.13960316378949
390	4.13334192063058	2.03963640207231
395	4.28291793265203	1.89035195791893
400	4.39860367667769	1.72218478383523
405	4.42539295583895	1.47967445255647
410	4.41102114351943	1.32530300680729
415	4.3748029121511	1.20271420160889
420	4.32954260096673	1.08516997532088
425	4.26801457409999	0.982191656095379
430	4.21816732124815	0.910043038452685
435	4.16887168147646	0.856558951425129
440	4.13123640051433	0.803074864397573
445	4.09456718579464	0.764018575192307
450	4.05789797107495	0.727097139098442
455	4.02122875635526	0.690175703004577
460	3.99130052637483	0.65593854539453
465	3.96677183483993	0.634689405252926
470	3.94224314330502	0.613440265111323
475	3.91771445177011	0.592191124969719
480	3.8931857602352	0.570941984828115
485	3.8686570687003	0.553765572440814
490	3.84665670657489	0.538132336944508
495	3.82791227113078	0.522499101448202
500	3.80916783568668	0.506865865951896
505	3.79042340024257	0.49123263045559
510	3.77167896479846	0.477748079000027
515	3.75293452935435	0.46813514124361
520	3.73419009391024	0.458522203487192
525	3.71544565846613	0.448909265730775
530	3.70035037922751	0.439296327974357
535	3.69004141723458	0.42968339021794
540	3.67973245524165	0.420070452461522
545	3.66942349324872	0.410457514705105
550	3.65911453125579	0.400844576948687
555	3.64880556926286	0.393501549629536
560	3.63849660726993	0.387441074587229
565	3.628187645277	0.381380599544923
570	3.61787868328407	0.375320124502616
575	3.60756972129114	0.36925964946031
580	3.59726075929821	0.363199174418003
585	3.5903342009393	0.357138699375697
590	3.58439030976898	0.35107822433339
595	3.57844641859867	0.345017749291084
600	3.57250252742835	0.338957274248778
605	3.56655863625804	0.333531238833214
610	3.56061474508772	0.329699493071666
615	3.55467085391741	0.325867747310119
620	3.54872696274709	0.322036001548571
625	3.54278307157678	0.318204255787024
630	3.53683918040646	0.314372510025476
635	3.53275500282287	0.310540764263928
640	3.52943381479562	0.306709018502381
645	3.52611262676837	0.302877272740833
650	3.52279143874112	0.299045526979285
655	3.51947025071387	0.295213781217738
660	3.51614906268662	0.291566868118635
665	3.51282787465937	0.288209501855151
670	3.50950668663212	0.284852135591666
675	3.50618549860487	0.281494769328182
680	3.50286431057761	0.278137403064698
685	3.49954312255036	0.274780036801213
690	3.49622193452311	0.271422670537729
695	3.49357313000522	0.268065304274245
700	3.49116743192488	0.26470793801076
705	3.48876173384454	0.261378169964583
710	3.4863560357642	0.258465356310962
715	3.48395033768386	0.255552542657342
720	3.48154463960352	0.252639729003721
725	3.47913894152318	0.249726915350101
730	3.47673324344284	0.24681410169648
735	3.4743275453625	0.243901288042859
740	3.47192184728216	0.240988474389239
745	3.46951614920182	0.238075660735618
750	3.46711045112148	0.235162847081998
755	3.46530434694953	0.232250033428377
760	3.46458522828285	0.22992481421259
765	3.46386610961618	0.228903678840126
770	3.4631469909495	0.227882543467662
775	3.46242787228282	0.226861408095198
780	3.46170875361614	0.225840272722734
785	3.46098963494946	0.22481913735027
790	3.46027051628278	0.223798001977806
795	3.4595513976161	0.222776866605342
800	3.45883227894942	0.221755731232878
805	3.45811316028274	0.220734595860414
810	3.45739404161606	0.218741237790124
815	3.45667492294938	0.213156467162139
820	3.4559558042827	0.207571696534153
825	3.45378532387979	0.201986925906168
830	3.45121341865854	0.196402155278183
835	3.44864151343728	0.190817384650198
840	3.44606960821603	0.185232614022212
845	3.44349770299477	0.179647843394227
850	3.44092579777352	0.171175784518797
855	3.43835389255227	0.161462713071612
860	3.43572798348984	0.151749641624427
865	3.43173898839105	0.142036570177242
870	3.42774999329226	0.132323498730057
875	3.42376099819347	0.123385580832459
880	3.41977200309469	0.116339977175915
885	3.4157830079959	0.109294373519371
890	3.41179401289711	0.102248769862827
895	3.40780501779832	0.0952031662062827
900	3.40381602269954	0.0881575625497386
905	3.39982702760075	0.0811119588931946
910	3.39583613978594	0.0740663552366505
915	3.39176505008742	0.0670207515801064
920	3.38769396038891	0.0599751479235623
925	3.38362287069039	0.0529295442670183
930	3.37955178099188	0.0458839406104742
935	3.37548069129336	0.0402723600973568
940	3.37140960159484	0.0371508296553627
945	3.36733851189633	0.0340292992133685
950	3.36326742219781	0.0309077687713744
955	3.3591963324993	0.0277862383293803
960	3.35512524280078	0.0246647078873862
965	3.35105415310227	0.0215431774453921
970	3.34698306340375	0.0184216470033979
975	3.34291197370524	0.0153001165614038
980	3.33884088400672	0.0121785861194097
985	3.33494935421548	0.00982599255295726
990	3.33148733052437	0.00931269086227932
995	3.32802530683326	0.00879938917160138
1000	3.32456328314215	0.00828608748092344
1005	3.32110125945104	0.00777278579024551
1010	3.31763923575993	0.00725948409956757
1015	3.31417721206882	0.00674618240888963
1020	3.31071518837771	0.0062328807182117
1025	3.3072531646866	0.00571957902753376
1030	3.30379114099549	0.00520627733685582
1035	3.30032911730438	0.00469297564617788
1040	3.29686709361327	0.00417967395549995
1045	3.29340506992216	0.00366637226482201
1050	3.28994304623105	0.00315307057414407
1055	3.28648102253994	0.00263976888346614
1060	3.28301899884883	0.0021264671927882
1065	3.27955697515772	0.00161316550211026
1070	3.27609495146661	0.00109986381143233
1075	3.27444596725191	5.86562120754388E-4
1080	3.27284811076653	7.32604300764505E-5
1085	3.27125025428115	0
1090	3.26965239779577	0
1095	3.26805454131038	0
1100	3.266456684825	0
1105	3.26485882833962	0
1110	3.26326097185424	0
1115	3.26166311536886	0
1120	3.26006525888348	0
1125	3.2584674023981	0
1130	3.25686954591272	0
1135	3.25527168942734	0
1140	3.25367383294196	0
1145	3.25207597645658	0
1150	3.2504781199712	0
1155	3.24888026348582	0
1160	3.24728240700044	0
1165	3.24568455051506	0
1170	3.24408669402968	0
1175	3.2424888375443	0
1180	3.24089098105892	0
1185	3.23929312457354	0
1190	3.23769526808816	0
1195	3.23609741160278	0
1200	3.2344995551174	0
1205	3.23290169863202	0
1210	3.23130384214664	0
1215	3.22970598566126	0
1220	3.22810812917588	0
1225	3.2265102726905	0
1230	3.22537564170798	0
1235	3.2243710663128	0
1240	3.22336649091762	0
1245	3.22236191552244	0
1250	3.22135734012726	0
1255	3.22035276473208	0
1260	3.2193481893369	0
1265	3.21834361394172	0
1270	3.21733903854654	0
1275	3.21633446315136	0
1280	3.21532988775618	0
1285	3.214325312361	0
1290	3.21332073696582	0
1295	3.21231616157064	0
1300	3.21131158617546	0
1305	3.21030701078028	0
1310	3.20930243538511	0
1315	3.20829785998993	0
1320	3.20729328459475	0
1325	3.20628870919957	0
1330	3.20528413380439	0
1335	3.20427955840921	0
1340	3.20327498301403	0
1345	3.20227040761885	0
1350	3.20126583222367	0
1355	3.20026125682849	0
1360	3.19925668143331	0
1365	3.19825210603813	0
1370	3.19724753064295	0
1375	3.19624295524777	0
1380	3.19523837985259	0
1385	3.19423380445741	0
1390	3.19322922906223	0
1395	3.19222465366705	0
1400	3.19122007827187	0
1405	3.19021550287669	0
1410	3.18921092748151	0
1415	3.18820635208633	0
1420	3.18720177669115	0
1425	3.18619720129597	0
1430	3.18519262590079	0
1435	3.18418805050561	0
1440	3.18318347511043	0
1445	3.18217889971525	0
1450	3.18117432432007	0
1455	3.18016974892489	0
1460	3.17916517352971	0
1465	3.17816059813453	0
1470	3.17715602273935	0
1475	3.17624946415449	0
1480	3.17571702504339	0
1485	3.17518458593229	0
1490	3.17465214682119	0
1495	3.17411970771009	0
1500	3.17358726859899	0
1505	3.1730548294879	0
1510	3.1725223903768	0
1515	3.1719899512657	0
1520	3.1714575121546	0
1525	3.1709250730435	0
1530	3.1703926339324	0
1535	3.1698601948213	0
1540	3.1693277557102	0
1545	3.16879531659911	0
1550	3.16826287748801	0
1555	3.16773043837691	0
1560	3.16719799926581	0
1565	3.16666556015471	0
1570	3.16613312104361	0
1575	3.16560068193251	0
1580	3.16506824282141	0
1585	3.16453580371031	0
1590	3.16400336459922	0
1595	3.16347092548812	0
1600	3.16293848637702	0
1605	3.16240604726592	0
1610	3.16187360815482	0
1615	3.16134116904372	0
1620	3.16080872993262	0
1625	3.16027629082152	0
1630	3.15974385171043	0
1635	3.15921141259933	0
1640	3.15867897348823	0
1645	3.15814653437713	0
1650	3.15761409526603	0
1655	3.15708165615493	0
1660	3.15654921704383	0
1665	3.15601677793273	0
1670	3.15548433882163	0
1675	3.15495189971054	0
1680	3.15441946059944	0
1685	3.15388702148834	0
1690	3.15335458237724	0
1695	3.15282214326614	0
1700	3.15228970415504	0
1705	3.15175726504394	0
1710	3.15122482593284	0
1715	3.15069238682175	0
1720	3.15015994771065	0
1725	3.14962750859955	0
1730	3.14909506948845	0
1735	3.14856263037735	0
1740	3.14803019126625	0
1745	3.14749775215515	0
1750	3.14696531304405	0
1755	3.14643287393295	0
1760	3.14590043482186	0
1765	3.14536799571076	0
1770	3.14483555659966	0
1775	3.14430311748856	0
1780	3.14377067837746	0
1785	3.14323823926636	0
1790	3.14270580015526	0
1795	3.14217336104416	0
1800	3.14164092193307	0
1805	3.14110848282197	0
1810	3.14057604371087	0
1815	3.14004360459977	0
1820	3.13951116548867	0
1825	3.13897872637757	0
1830	3.13844628726647	0
1835	3.13791384815537	0
1840	3.13738140904427	0
1845	3.13684896993318	0
1850	3.1364923826958	0
1855	3.13630232372436	0
1860	3.13611226475293	0
1865	3.13592220578149	0
1870	3.13573214681005	0
1875	3.13554208783861	0
1880	3.13535202886718	0
1885	3.13516196989574	0
1890	3.1349719109243	0
1895	3.13478185195286	0
1900	3.13459179298143	0
1905	3.13440173400999	0
1910	3.13421167503855	0
1915	3.13402161606711	0
1920	3.13383155709568	0
1925	3.13364149812424	0
1930	3.1334514391528	0
1935	3.13326138018136	0
1940	3.13307132120993	0
1945	3.13288126223849	0
1950	3.13269120326705	0
1955	3.13250114429561	0
1960	3.13231108532418	0
1965	3.13212102635274	0
1970	3.1319309673813	0
1975	3.13174090840986	0
1980	3.13155084943843	0
1985	3.13136079046699	0
1990	3.13117073149555	0
1995	3.13098067252411	0
2000	3.13079061355268	0
2005	3.13060055458124	0
2010	3.1304104956098	0
2015	3.13022043663836	0
2020	3.13003037766693	0
2025	3.12984031869549	0
2030	3.12965025972405	0
2035	3.12946020075261	0
2040	3.12927014178118	0
2045	3.12908008280974	0
2050	3.1288900238383	0
2055	3.12869996486686	0
2060	3.12850990589543	0
2065	3.12831984692399	0
2070	3.12812978795255	0
2075	3.12793972898112	0
2080	3.12774967000968	0
2085	3.12755961103824	0
2090	3.1273695520668	0
2095	3.12717949309537	0
2100	3.12698943412393	0
