Julia initialized with 20 threads.

Execution:
Layer structure constructed in 0.022939253 s.
Generated excitation profile computed 2304.710068615 s.

30 30 6 of slices for InAs, Q, and Substrate respectively.

Depth (microns)	 Excitation Density Rate (cm-2 microns-1 s-1)

9.353e18 
5.438e19 
5.637e19 
5.831e19 
6.014e19 
6.18e19 
6.324e19 
6.443e19 
6.536e19 
6.602e19 
6.642e19 
6.659e19 
6.656e19 
6.64e19 
6.615e19 
6.588e19 
6.566e19 
6.555e19 
6.56e19 
6.585e19 
6.63e19 
6.695e19 
6.775e19 
6.862e19 
6.945e19 
7.013e19 
7.052e19 
7.046e19 
6.986e19 
6.86e19 
6.665e19 
1.992e19 
1.918e19 
1.856e19 
1.802e19 
1.757e19 
1.72e19 
1.688e19 
1.662e19 
1.639e19 
1.62e19 
1.602e19 
1.584e19 
1.565e19 
1.543e19 
1.518e19 
1.488e19 
1.452e19 
1.41e19 
1.362e19 
1.309e19 
1.25e19 
1.188e19 
1.125e19 
1.061e19 
1.001e19 
9.453e18 
8.972e18 
8.586e18 
8.312e18 
8.162e18 
1.025e18 
2.199e17 
7.071e16 
3.097e16 
1.627e16 
1.087e16 